3.981072 
3.981072 
3.981072 
3.981072 
3.981072 
3.981072 
3.981072 
3.981072 
3.981072 
1.000000 
1.000000 
1.000000 
1.000000 
1.000000 
1.000000 
1.000000 
3.981072 
3.981072 
3.981072 
3.981072 
3.981072 
3.981072 
3.981072 
3.981072 
3.981072 
1.000000 
1.000000 
1.000000 
1.000000 
1.000000 
1.000000 
1.000000 
3.981072 
3.981072 
3.981072 
3.981072 
3.981072 
3.981072 
3.981072 
3.981072 
3.981072 
1.000000 
1.000000 
1.000000 
1.000000 
1.000000 
1.000000 
1.000000 
3.981072 
3.981072 
3.981072 
3.981072 
3.981072 
39.810717 
39.810717 
39.810717 
39.810717 
39.810717 
39.810717 
10.000000 
10.000000 
10.000000 
10.000000 
10.000000 